Theta =

   0.0003340364360
   0.0000001829878
   0.0000000827083
   0.0000001160968
   0.0000000535815
   0.0000000128879
   0.0000000229665
   0.0000000031880
   0.0000000237219
   0.0000000490554
   0.0000000172596
   0.0000000255506
   0.0000000163867
   0.0000000163867

Theta =

   0.0003340364360
   0.0000001829878
   0.0000000827083
   0.0000001160968
   0.0000000535815
   0.0000000128879
   0.0000000229665
   0.0000000031880
   0.0000000237219
   0.0000000490554
   0.0000000172596
   0.0000000255506
   0.0000000255506
   0.0000000163867

Theta =

   0.0003340364360
   0.0000001829878
   0.0000000827083
   0.0000001160968
   0.0000000535815
   0.0000000128879
   0.0000000229665
   0.0000000031880
   0.0000000237219
   0.0000000490554
   0.0000000172596
   0.0000000172596
   0.0000000255506
   0.0000000163867

Theta =

   0.0003340364360
   0.0000001829878
   0.0000000827083
   0.0000001160968
   0.0000000535815
   0.0000000128879
   0.0000000229665
   0.0000000031880
   0.0000000237219
   0.0000000490554
   0.0000000490554
   0.0000000172596
   0.0000000255506
   0.0000000163867

Theta =

   0.0003340364360
   0.0000001829878
   0.0000000827083
   0.0000001160968
   0.0000000535815
   0.0000000128879
   0.0000000229665
   0.0000000031880
   0.0000000237219
   0.0000000237219
   0.0000000490554
   0.0000000172596
   0.0000000255506
   0.0000000163867

Theta =

   0.0003340364360
   0.0000001829878
   0.0000000827083
   0.0000001160968
   0.0000000535815
   0.0000000128879
   0.0000000229665
   0.0000000031880
   0.0000000031880
   0.0000000237219
   0.0000000490554
   0.0000000172596
   0.0000000255506
   0.0000000163867

Theta =

   0.0003340364360
   0.0000001829878
   0.0000000827083
   0.0000001160968
   0.0000000535815
   0.0000000128879
   0.0000000229665
   0.0000000229665
   0.0000000031880
   0.0000000237219
   0.0000000490554
   0.0000000172596
   0.0000000255506
   0.0000000163867

Theta =

   0.0003340364360
   0.0000001829878
   0.0000000827083
   0.0000001160968
   0.0000000535815
   0.0000000128879
   0.0000000128879
   0.0000000229665
   0.0000000031880
   0.0000000237219
   0.0000000490554
   0.0000000172596
   0.0000000255506
   0.0000000163867

Theta =

   0.0003340364360
   0.0000001829878
   0.0000000827083
   0.0000001160968
   0.0000000535815
   0.0000000535815
   0.0000000128879
   0.0000000229665
   0.0000000031880
   0.0000000237219
   0.0000000490554
   0.0000000172596
   0.0000000255506
   0.0000000163867

Theta =

   0.0003340364360
   0.0000001829878
   0.0000000827083
   0.0000001160968
   0.0000001160968
   0.0000000535815
   0.0000000128879
   0.0000000229665
   0.0000000031880
   0.0000000237219
   0.0000000490554
   0.0000000172596
   0.0000000255506
   0.0000000163867

Theta =

   0.0003340364360
   0.0000001829878
   0.0000000827083
   0.0000000827083
   0.0000001160968
   0.0000000535815
   0.0000000128879
   0.0000000229665
   0.0000000031880
   0.0000000237219
   0.0000000490554
   0.0000000172596
   0.0000000255506
   0.0000000163867

Theta =

   0.0003340364360
   0.0000001829878
   0.0000001829878
   0.0000000827083
   0.0000001160968
   0.0000000535815
   0.0000000128879
   0.0000000229665
   0.0000000031880
   0.0000000237219
   0.0000000490554
   0.0000000172596
   0.0000000255506
   0.0000000163867

Theta =

   0.0003340364360
   0.0003340364360
   0.0000001829878
   0.0000000827083
   0.0000001160968
   0.0000000535815
   0.0000000128879
   0.0000000229665
   0.0000000031880
   0.0000000237219
   0.0000000490554
   0.0000000172596
   0.0000000255506
   0.0000000163867

